1
5
7
11
13
17
19
23
25
29
31
35
37
41
43
47
49
53
55
59
61
65
67
71
73
77
79
83
85
89
91
95
97
101
103
107
109
113
115
119
121
125
127
131
133
137
139
143
145
149
151
155
157
161
163
167
169
173
175
179
181
185
187
191
193
197
199
203
205
209
211
215
217
221
223
227
229
233
235
239
241
245
247
251
253
257
259
263
265
269
271
275
277
281
283
287
289
293
295
299
301
305
307
311
313
317
319
323
325
329
331
335
337
341
343
347
349
353
355
359
361
365
367
371
373
377
379
383
385
389
391
395
397
401
403
407
409
413
415
419
421
425
427
431
433
437
439
443
445
449
451
455
457
461
463
467
469
473
475
479
481
485
487
491
493
497
499
503
505
509
511
515
517
521
523
527
529
533
535
539
541
545
547
551
553
557
559
563
565
569
571
575
577
581
583
587
589
593
595
599
601
605
607
611
613
617
619
623
625
629
631
635
637
641
643
647
649
653
655
659
661
665
667
671
673
677
679
683
685
689
691
695
697
701
703
707
709
713
715
719
721
725
727
731
733
737
739
743
745
749
751
755
757
761
763
767
769
773
775
779
781
785
787
791
793
797
799
803
805
809
811
815
817
821
823
827
829
833
835
839
841
845
847
851
853
857
859
863
865
869
871
875
877
881
883
887
889
893
895
899
901
905
907
911
913
917
919
923
925
929
931
935
937
941
943
947
949
953
955
959
961
965
967
971
973
977
979
983
985
989
991
995
997
1001
1003
1007
1009
1013
1015
1019
1021
1025
1027
1031
1033
1037
1039
1043
1045
1049
1051
1055
1057
1061
1063
1067
1069
1073
1075
1079
1081
1085
1087
1091
1093
1097
1099
1103
1105
1109
1111
1115
1117
1121
1123
1127
1129
1133
1135
1139
1141
1145
1147
1151
1153
1157
1159
1163
1165
1169
1171
1175
1177
1181
1183
1187
1189
1193
1195
1199
1201
1205
1207
1211
1213
1217
1219
1223
1225
1229
1231
1235
1237
1241
1243
1247
1249
1253
1255
1259
1261
1265
1267
1271
1273
1277
1279
1283
1285
1289
1291
1295
1297
1301
1303
1307
1309
1313
1315
1319
1321
1325
1327
1331
1333
1337
1339
1343
1345
1349
1351
1355
1357
1361
1363
1367
1369
1373
1375
1379
1381
1385
1387
1391
1393
1397
1399
1403
1405
1409
1411
1415
1417
1421
1423
1427
1429
1433
1435
1439
1441
1445
1447
1451
1453
1457
1459
1463
1465
1469
1471
1475
1477
1481
1483
1487
1489
1493
1495
1499
1501
1505
1507
1511
1513
1517
1519
1523
1525
1529
1531
1535
1537
1541
1543
1547
1549
1553
1555
1559
1561
1565
1567
1571
1573
1577
1579
1583
1585
1589
1591
1595
1597
1601
1603
1607
1609
1613
1615
1619
1621
1625
1627
1631
1633
1637
1639
1643
1645
1649
1651
1655
1657
1661
1663
1667
1669
1673
1675
1679
1681
1685
1687
1691
1693
1697
1699
1703
1705
1709
1711
1715
1717
1721
1723
1727
1729
1733
1735
1739
1741
1745
1747
1751
1753
1757
1759
1763
1765
1769
1771
1775
1777
1781
1783
1787
1789
1793
1795
1799
1801
1805
1807
1811
1813
1817
1819
1823
1825
1829
1831
1835
1837
1841
1843
1847
1849
1853
1855
1859
1861
1865
1867
1871
1873
1877
1879
1883
1885
1889
1891
1895
1897
1901
1903
1907
1909
1913
1915
1919
1921
1925
1927
1931
1933
1937
1939
1943
1945
1949
1951
1955
1957
1961
1963
1967
1969
1973
1975
1979
1981
1985
1987
1991
1993
1997
1999
2003
2005
2009
2011
2015
2017
2021
2023
2027
2029
2033
2035
2039
2041
2045
2047
2051
2053
2057
2059
2063
2065
2069
2071
2075
2077
2081
2083
2087
2089
2093
2095
2099
2101
2105
2107
2111
2113
2117
2119
2123
2125
2129
2131
2135
2137
2141
2143
2147
2149
2153
2155
2159
2161
2165
2167
2171
2173
2177
2179
2183
2185
2189
2191
2195
2197
2201
2203
2207
2209
2213
2215
2219
2221
2225
2227
2231
2233
2237
2239
2243
2245
2249
2251
2255
2257
2261
2263
2267
2269
2273
2275
2279
2281
2285
2287
2291
2293
2297
2299
2303
2305
2309
2311
2315
2317
2321
2323
2327
2329
2333
2335
2339
2341
2345
2347
2351
2353
2357
2359
2363
2365
2369
2371
2375
2377
2381
2383
2387
2389
2393
2395
2399
2401
2405
2407
2411
2413
2417
2419
2423
2425
2429
2431
2435
2437
2441
2443
2447
2449
2453
2455
2459
2461
2465
2467
2471
2473
2477
2479
2483
2485
2489
2491
2495
2497
2501
2503
2507
2509
2513
2515
2519
2521
2525
2527
2531
2533
2537
2539
2543
2545
2549
2551
2555
2557
2561
2563
2567
2569
2573
2575
2579
2581
2585
2587
2591
2593
2597
2599
2603
2605
2609
2611
2615
2617
2621
2623
2627
2629
2633
2635
2639
2641
2645
2647
2651
2653
2657
2659
2663
2665
2669
2671
2675
2677
2681
2683
2687
2689
2693
2695
2699
2701
2705
2707
2711
2713
2717
2719
2723
2725
2729
2731
2735
2737
2741
2743
2747
2749
2753
2755
2759
2761
2765
2767
2771
2773
2777
2779
2783
2785
2789
2791
2795
2797
2801
2803
2807
2809
2813
2815
2819
2821
2825
2827
2831
2833
2837
2839
2843
2845
2849
2851
2855
2857
2861
2863
2867
2869
2873
2875
2879
2881
2885
2887
2891
2893
2897
2899
2903
2905
2909
2911
2915
2917
2921
2923
2927
2929
2933
2935
2939
2941
2945
2947
2951
2953
2957
2959
2963
2965
2969
2971
2975
2977
2981
2983
2987
2989
2993
2995
2999
3001
3005
3007
3011
3013
3017
3019
3023
3025
3029
3031
3035
3037
3041
3043
3047
3049
3053
3055
3059
3061
3065
3067
3071
3073
3077
3079
3083
3085
3089
3091
3095
3097
3101
3103
3107
3109
3113
3115
3119
3121
3125
3127
3131
3133
3137
3139
3143
3145
3149
3151
3155
3157
3161
3163
3167
3169
3173
3175
3179
3181
3185
3187
3191
3193
3197
3199
3203
3205
3209
3211
3215
3217
3221
3223
3227
3229
3233
3235
3239
3241
3245
3247
3251
3253
3257
3259
3263
3265
3269
3271
3275
3277
3281
3283
3287
3289
3293
3295
3299
3301
3305
3307
3311
3313
3317
